fecha	objective	metric	first_metric_only	boost_from_average	feature_pre_filter	verbosity	seed	max_depth	min_gain_to_split	lambda_l1	lambda_l2	max_bin	num_iterations	force_row_wise	learning_rate	feature_fraction	min_data_in_leaf	num_leaves	prob_corte	ganancia	iteracion
20220423 003326	binary	custom	TRUE	TRUE	FALSE	-100	999983	-1	0	0	0	31	290	TRUE	0.0169668071314227	0.658504417613149	3029	176	0.0359982484190065	10488000	1
20220423 003709	binary	custom	TRUE	TRUE	FALSE	-100	999983	-1	0	0	0	31	55	TRUE	0.116999611032195	0.488905072510242	5015	616	0.0135316933340315	13476000	2
20220423 004045	binary	custom	TRUE	TRUE	FALSE	-100	999983	-1	0	0	0	31	78	TRUE	0.147817374211038	0.344631631188095	5564	440	0.0322401841641598	11036000	3
20220423 004300	binary	custom	TRUE	TRUE	FALSE	-100	999983	-1	0	0	0	31	129	TRUE	0.0418402775826398	0.871182519523427	2276	661	0.0260675580405708	12374000	4
20220423 004641	binary	custom	TRUE	TRUE	FALSE	-100	999983	-1	0	0	0	31	18	TRUE	0.207120679184794	0.743728395076469	633	684	0.0295670934783023	9089000	5
20220423 005425	binary	custom	TRUE	TRUE	FALSE	-100	999983	-1	0	0	0	31	49	TRUE	0.178218220718554	0.628065816555172	2514	319	0.0413516185052382	9569000	6
20220423 005808	binary	custom	TRUE	TRUE	FALSE	-100	999983	-1	0	0	0	31	74	TRUE	0.195998972378555	0.902686775755137	6351	909	0.0223921413247202	12524000	7
20220423 010214	binary	custom	TRUE	TRUE	FALSE	-100	999983	-1	0	0	0	31	72	TRUE	0.0913215029017301	0.21815287928097	7739	948	0.0438394281164316	9032000	8
20220423 010845	binary	custom	TRUE	TRUE	FALSE	-100	999983	-1	0	0	0	31	99	TRUE	0.0541513068542117	0.799216275140643	1398	233	0.0237742361743585	12223000	9
20220423 012701	binary	custom	TRUE	TRUE	FALSE	-100	999983	-1	0	0	0	31	10	TRUE	0.232812587551423	0.25406632784754	29	471	0.0177263934989848	3129000	10
20220423 012737	binary	custom	TRUE	TRUE	FALSE	-100	999983	-1	0	0	0	31	29	TRUE	0.215131224391516	0.303329959288239	6642	96	0.0395259457848927	9747000	11
20220423 013124	binary	custom	TRUE	TRUE	FALSE	-100	999983	-1	0	0	0	31	18	TRUE	0.285168405580567	0.461052247164771	4004	529	0.0165082023411136	12515000	12
20220423 015636	binary	custom	TRUE	TRUE	FALSE	-100	999983	-1	0	0	0	31	244	TRUE	0.0311520876501454	0.388803742602468	1722	131	0.0200805529675563	13069000	13
20220423 020836	binary	custom	TRUE	TRUE	FALSE	-100	999983	-1	0	0	0	31	25	TRUE	0.167730879354058	0.975510783027858	1169	825	0.0464448189445344	8310000	14
20220423 020932	binary	custom	TRUE	TRUE	FALSE	-100	999983	-1	0	0	0	31	89	TRUE	0.0787775838018861	0.703336661215872	5646	300	0.0428340949816629	9215000	15
20220423 020953	binary	custom	TRUE	TRUE	FALSE	-100	999983	-1	0	0	0	31	14	TRUE	0.299185414269334	0.931308952551335	3955	749	0.010465697585217	11971000	16
20220423 021024	binary	custom	TRUE	TRUE	FALSE	-100	999983	-1	0	0	0	31	26	TRUE	0.249113227740629	0.522307383045554	7004	806	0.0482513958433022	7985000	17
20220423 021244	binary	custom	TRUE	TRUE	FALSE	-100	999983	-1	0	0	0	31	50	TRUE	0.139921629592427	0.580226258123294	7332	374	0.00977829655797298	12017000	18
20220423 021644	binary	custom	TRUE	TRUE	FALSE	-100	999983	-1	0	0	0	31	29	TRUE	0.267367797479499	0.83149223010987	4548	35	0.0345707290563344	10490000	19
20220423 022334	binary	custom	TRUE	TRUE	FALSE	-100	999983	-1	0	0	0	31	32	TRUE	0.109461231060559	0.418045512540266	3327	987	0.0276897825106668	11583000	20
20220423 024030	binary	custom	TRUE	TRUE	FALSE	-100	999983	-1	0	0	0	31	476	TRUE	0.010244709736989	0.455417723878136	4312	71	0.0161827278507891	13739000	21
20220423 025742	binary	custom	TRUE	TRUE	FALSE	-100	999983	-1	0	0	0	31	203	TRUE	0.0133448646821822	0.494235679427255	1998	236	0.0126379458427075	13345000	22
20220423 030959	binary	custom	TRUE	TRUE	FALSE	-100	999983	-1	0	0	0	31	783	TRUE	0.0115258483171654	0.414729179615069	6195	311	0.0112134025907772	12598000	23
20220423 031308	binary	custom	TRUE	TRUE	FALSE	-100	999983	-1	0	0	0	31	117	TRUE	0.0388259553394256	0.481805043078039	3917	194	0.0212325919984814	13201000	24
20220423 032108	binary	custom	TRUE	TRUE	FALSE	-100	999983	-1	0	0	0	31	359	TRUE	0.0100154552260417	0.855242013362721	5573	340	0.0118233265966965	12944000	25
20220423 032412	binary	custom	TRUE	TRUE	FALSE	-100	999983	-1	0	0	0	31	61	TRUE	0.110923546308948	0.47531858964127	4191	16	0.00850280090460375	11752000	26
20220423 082111	binary	custom	TRUE	TRUE	FALSE	-100	999983	-1	0	0	0	31	550	TRUE	0.0100183998870824	0.568232165795711	3838	571	0.0157367902095952	13745000	27
20220423 082255	binary	custom	TRUE	TRUE	FALSE	-100	999983	-1	0	0	0	31	23	TRUE	0.296319405781298	0.622461522827675	5909	642	0.0160385915061307	12343000	28
20220423 085851	binary	custom	TRUE	TRUE	FALSE	-100	999983	-1	0	0	0	31	461	TRUE	0.0102383044801428	0.739694518324302	2675	49	0.016862526158082	13652000	29
20220423 090112	binary	custom	TRUE	TRUE	FALSE	-100	999983	-1	0	0	0	31	33	TRUE	0.160786348563149	0.874804955009344	4652	630	0.0173798577639538	12740000	30
20220423 090510	binary	custom	TRUE	TRUE	FALSE	-100	999983	-1	0	0	0	31	98	TRUE	0.0514251134030374	0.558237592357618	4993	875	0.0148493543590178	13695000	31
20220423 090717	binary	custom	TRUE	TRUE	FALSE	-100	999983	-1	0	0	0	31	141	TRUE	0.0360572154471725	0.45823535587205	4604	510	0.0150327742742319	13715000	32
20220423 095021	binary	custom	TRUE	TRUE	FALSE	-100	999983	-1	0	0	0	31	484	TRUE	0.0100429557169086	0.479479503520079	3152	187	0.015517988671436	13708000	33
20220423 100033	binary	custom	TRUE	TRUE	FALSE	-100	999983	-1	0	0	0	31	509	TRUE	0.0101894392222698	0.504787427830248	4946	686	0.0168388340331737	13764000	34
20220423 101154	binary	custom	TRUE	TRUE	FALSE	-100	999983	-1	0	0	0	31	771	TRUE	0.0103019411122556	0.488769236088313	4422	723	0.0129134693268604	13405000	35
20220423 101253	binary	custom	TRUE	TRUE	FALSE	-100	999983	-1	0	0	0	31	75	TRUE	0.0751681428834659	0.590626268186273	5451	699	0.016654766719758	13641000	36
20220423 102717	binary	custom	TRUE	TRUE	FALSE	-100	999983	-1	0	0	0	31	501	TRUE	0.0100475143827462	0.576201992868702	4872	420	0.0160286832872807	13726000	37
20220423 102837	binary	custom	TRUE	TRUE	FALSE	-100	999983	-1	0	0	0	31	51	TRUE	0.124964114805445	0.411493212472951	5615	1024	0.0160214113905766	13396000	38
20220423 103255	binary	custom	TRUE	TRUE	FALSE	-100	999983	-1	0	0	0	31	246	TRUE	0.0179080985714726	0.958232530045788	7372	1024	0.0163018271961863	12958000	39
20220423 103815	binary	custom	TRUE	TRUE	FALSE	-100	999983	-1	0	0	0	31	1032	TRUE	0.0101168473106055	0.206429229676894	4112	286	0.0170127724975071	13336000	40
20220423 104133	binary	custom	TRUE	TRUE	FALSE	-100	999983	-1	0	0	0	31	741	TRUE	0.0101223582500335	0.809679080024994	7996	16	0.0189986728660115	12859000	41
20220423 104350	binary	custom	TRUE	TRUE	FALSE	-100	999983	-1	0	0	0	31	418	TRUE	0.0159810459559532	0.516783580105194	5217	17	0.0171755780626957	13533000	42
20220423 104428	binary	custom	TRUE	TRUE	FALSE	-100	999983	-1	0	0	0	31	76	TRUE	0.0843093594770017	0.442110040952797	7998	879	0.0178676960201524	13316000	43
20220423 104609	binary	custom	TRUE	TRUE	FALSE	-100	999983	-1	0	0	0	31	291	TRUE	0.030221862523042	0.554472540103067	4906	609	0.0163222972576253	13321000	44
20220423 104710	binary	custom	TRUE	TRUE	FALSE	-100	999983	-1	0	0	0	31	106	TRUE	0.0471644754826212	0.419428545913701	2872	498	0.0147250021026603	13060000	45
20220423 104739	binary	custom	TRUE	TRUE	FALSE	-100	999983	-1	0	0	0	31	44	TRUE	0.0989697852943119	0.878020293913503	5792	967	0.0141889681811113	12754000	46
20220423 104830	binary	custom	TRUE	TRUE	FALSE	-100	999983	-1	0	0	0	31	92	TRUE	0.0624106668727438	0.46761793116584	7517	736	0.0151170599574672	13352000	47
20220423 104939	binary	custom	TRUE	TRUE	FALSE	-100	999983	-1	0	0	0	31	208	TRUE	0.0744920156124634	0.251271149058399	5361	1023	0.0144420029139905	13266000	48
20220423 105253	binary	custom	TRUE	TRUE	FALSE	-100	999983	-1	0	0	0	31	688	TRUE	0.0100604400994791	0.765557115008755	4346	999	0.018734997287256	13452000	49
20220423 105337	binary	custom	TRUE	TRUE	FALSE	-100	999983	-1	0	0	0	31	114	TRUE	0.0426322348232631	0.989172133835844	5324	512	0.015218014283332	12736000	50
20220423 105417	binary	custom	TRUE	TRUE	FALSE	-100	999983	-1	0	0	0	31	76	TRUE	0.0691963691961209	0.447849940752558	4722	842	0.0169210865265389	13625000	51
20220423 105516	binary	custom	TRUE	TRUE	FALSE	-100	999983	-1	0	0	0	31	134	TRUE	0.0402737610658301	0.389830137498793	5152	1012	0.0167000960158511	13357000	52
20220423 105544	binary	custom	TRUE	TRUE	FALSE	-100	999983	-1	0	0	0	31	62	TRUE	0.11931721497206	0.609124889706224	6879	691	0.0183895903008785	13017000	53
20220423 105619	binary	custom	TRUE	TRUE	FALSE	-100	999983	-1	0	0	0	31	67	TRUE	0.0859808316945635	0.419247111810454	4975	700	0.0155150492756299	13259000	54
20220423 105644	binary	custom	TRUE	TRUE	FALSE	-100	999983	-1	0	0	0	31	51	TRUE	0.128311498425924	0.758842805855089	3877	839	0.0142674059434358	13292000	55
20220423 105741	binary	custom	TRUE	TRUE	FALSE	-100	999983	-1	0	0	0	31	154	TRUE	0.0366617011908874	0.473352520229302	4369	16	0.014739517329114	13392000	56
20220423 110522	binary	custom	TRUE	TRUE	FALSE	-100	999983	-1	0	0	0	31	110	TRUE	0.0100453876772505	0.506812206814444	42	471	0.0182054656787039	6864000	57
20220423 110937	binary	custom	TRUE	TRUE	FALSE	-100	999983	-1	0	0	0	31	723	TRUE	0.0100669385001408	0.506041937564902	5563	859	0.0184931917412729	13588000	58
20220423 111319	binary	custom	TRUE	TRUE	FALSE	-100	999983	-1	0	0	0	31	480	TRUE	0.0100520191339856	0.573868820836312	3916	352	0.014276832088933	13585000	59
20220423 111638	binary	custom	TRUE	TRUE	FALSE	-100	999983	-1	0	0	0	31	566	TRUE	0.0102198662528168	0.618189915625495	3726	1011	0.0168962656182912	13898000	60
20220423 111710	binary	custom	TRUE	TRUE	FALSE	-100	999983	-1	0	0	0	31	93	TRUE	0.0874173455027674	0.692676417484845	7995	1013	0.0152575034912918	13119000	61
20220423 111737	binary	custom	TRUE	TRUE	FALSE	-100	999983	-1	0	0	0	31	35	TRUE	0.149874143769986	0.504082225804333	5201	1012	0.0165744548200361	13021000	62
20220423 111801	binary	custom	TRUE	TRUE	FALSE	-100	999983	-1	0	0	0	31	31	TRUE	0.205408593048905	0.523539042097696	5550	501	0.0139723759901078	12820000	63
20220423 111818	binary	custom	TRUE	TRUE	FALSE	-100	999983	-1	0	0	0	31	16	TRUE	0.296348023932927	0.828264523008973	3660	1021	0.025485506439955	11356000	64
20220423 112146	binary	custom	TRUE	TRUE	FALSE	-100	999983	-1	0	0	0	31	1107	TRUE	0.0101619118102453	0.837736875359083	7999	861	0.0241375008843205	12053000	65
20220423 112229	binary	custom	TRUE	TRUE	FALSE	-100	999983	-1	0	0	0	31	75	TRUE	0.062464377148408	0.474560272064709	5478	472	0.015106205436141	13704000	66
20220423 112247	binary	custom	TRUE	TRUE	FALSE	-100	999983	-1	0	0	0	31	28	TRUE	0.234504998519488	0.200159130390808	7999	1024	0.0153507017751747	13022000	67
20220423 112309	binary	custom	TRUE	TRUE	FALSE	-100	999983	-1	0	0	0	31	32	TRUE	0.230636870600052	0.56996127214458	7999	740	0.0220316153691259	12801000	68
20220423 112337	binary	custom	TRUE	TRUE	FALSE	-100	999983	-1	0	0	0	31	95	TRUE	0.133809808348555	0.201782155448674	7999	898	0.0141388493016994	13289000	69
20220423 112357	binary	custom	TRUE	TRUE	FALSE	-100	999983	-1	0	0	0	31	38	TRUE	0.299861027839005	0.279303768753043	8000	21	0.0168541906604812	12881000	70
20220423 112411	binary	custom	TRUE	TRUE	FALSE	-100	999983	-1	0	0	0	31	16	TRUE	0.275830125381993	0.998984337082319	8000	16	0.0211270788312978	12897000	71
20220423 112708	binary	custom	TRUE	TRUE	FALSE	-100	999983	-1	0	0	0	31	467	TRUE	0.0100231949903669	0.769868476060653	2823	66	0.0200473034713086	13362000	72
20220423 112730	binary	custom	TRUE	TRUE	FALSE	-100	999983	-1	0	0	0	31	79	TRUE	0.299765675357851	0.996705880870395	8000	113	0.00857073597680651	10398000	73
20220423 112752	binary	custom	TRUE	TRUE	FALSE	-100	999983	-1	0	0	0	31	29	TRUE	0.187555267909039	0.451776836571808	7999	16	0.0228145969367027	12845000	74
20220423 113139	binary	custom	TRUE	TRUE	FALSE	-100	999983	-1	0	0	0	31	997	TRUE	0.0102227652669211	0.379682576852013	2167	17	0.023130760398483	12934000	75
20220423 113434	binary	custom	TRUE	TRUE	FALSE	-100	999983	-1	0	0	0	31	597	TRUE	0.0100164177266565	0.655560433377786	3935	332	0.0169894847978085	13574000	76
20220423 113838	binary	custom	TRUE	TRUE	FALSE	-100	999983	-1	0	0	0	31	716	TRUE	0.0102441947961632	0.99674532450658	2026	107	0.015126836414372	13268000	77
20220423 113855	binary	custom	TRUE	TRUE	FALSE	-100	999983	-1	0	0	0	31	22	TRUE	0.283570159842431	0.200294109078687	8000	279	0.0236553246609904	12392000	78
20220423 113919	binary	custom	TRUE	TRUE	FALSE	-100	999983	-1	0	0	0	31	41	TRUE	0.125334810156364	0.682790124153915	5473	142	0.016940348529441	13019000	79
20220423 113935	binary	custom	TRUE	TRUE	FALSE	-100	999983	-1	0	0	0	31	31	TRUE	0.299766492071045	0.997765806806912	3597	16	0.0195148345069392	11638000	80
20220423 114239	binary	custom	TRUE	TRUE	FALSE	-100	999983	-1	0	0	0	31	432	TRUE	0.0100030317147241	0.686909089464364	2496	1005	0.0176162652175397	13786000	81
20220423 114322	binary	custom	TRUE	TRUE	FALSE	-100	999983	-1	0	0	0	31	87	TRUE	0.0547754971335745	0.693305541448105	3461	1024	0.0168004763849632	13508000	82
20220423 114413	binary	custom	TRUE	TRUE	FALSE	-100	999983	-1	0	0	0	31	91	TRUE	0.0453155279947584	0.664822771410083	2180	120	0.0169185719069401	13650000	83
20220423 114448	binary	custom	TRUE	TRUE	FALSE	-100	999983	-1	0	0	0	31	81	TRUE	0.126095777209978	0.52316816713683	5502	809	0.0147776167965536	13162000	84
20220423 114507	binary	custom	TRUE	TRUE	FALSE	-100	999983	-1	0	0	0	31	21	TRUE	0.252027433607319	0.491308146593892	7139	16	0.0194473892682002	12942000	85
20220423 114531	binary	custom	TRUE	TRUE	FALSE	-100	999983	-1	0	0	0	31	36	TRUE	0.185902846996515	0.372252297813946	7971	1024	0.018642990594832	12812000	86
20220423 114612	binary	custom	TRUE	TRUE	FALSE	-100	999983	-1	0	0	0	31	77	TRUE	0.0662847984110036	0.582213512521429	4543	502	0.0154193309721901	13246000	87
20220423 114905	binary	custom	TRUE	TRUE	FALSE	-100	999983	-1	0	0	0	31	517	TRUE	0.0100306460365033	0.675510737961911	3589	874	0.0171015286043845	13802000	88
20220423 114931	binary	custom	TRUE	TRUE	FALSE	-100	999983	-1	0	0	0	31	57	TRUE	0.11610899530503	0.205302552565271	8000	45	0.0171658669354148	13191000	89
20220423 114949	binary	custom	TRUE	TRUE	FALSE	-100	999983	-1	0	0	0	31	26	TRUE	0.212051325704914	0.201444507385677	7995	510	0.0168401817106939	12840000	90
20220423 115013	binary	custom	TRUE	TRUE	FALSE	-100	999983	-1	0	0	0	31	76	TRUE	0.115847721781116	0.998071177568783	7985	16	0.0205416278173367	12528000	91
20220423 115044	binary	custom	TRUE	TRUE	FALSE	-100	999983	-1	0	0	0	31	46	TRUE	0.125337721860687	0.507920540633929	3866	1023	0.00839810432072275	11637000	92
20220423 115419	binary	custom	TRUE	TRUE	FALSE	-100	999983	-1	0	0	0	31	659	TRUE	0.0104902079247379	0.796157714899856	2522	696	0.0152655764011203	13408000	93
20220423 115436	binary	custom	TRUE	TRUE	FALSE	-100	999983	-1	0	0	0	31	19	TRUE	0.279679494665971	0.998670083379553	7999	706	0.0221085485329306	12785000	94
20220423 115629	binary	custom	TRUE	TRUE	FALSE	-100	999983	-1	0	0	0	31	321	TRUE	0.0162577242580552	0.610469577441166	5005	908	0.0164800897195316	13734000	95
20220423 115659	binary	custom	TRUE	TRUE	FALSE	-100	999983	-1	0	0	0	31	38	TRUE	0.121495948865164	0.999999205771638	2344	1010	0.0197155003403144	12573000	96
20220423 115716	binary	custom	TRUE	TRUE	FALSE	-100	999983	-1	0	0	0	31	30	TRUE	0.122346121150257	0.875839520022967	2243	16	0.020426994524113	12817000	97
20220423 115735	binary	custom	TRUE	TRUE	FALSE	-100	999983	-1	0	0	0	31	26	TRUE	0.225644394196724	0.794748621004657	3914	659	0.0187401222205269	12345000	98
20220423 115753	binary	custom	TRUE	TRUE	FALSE	-100	999983	-1	0	0	0	31	30	TRUE	0.285105809660871	0.200934873506823	5120	54	0.0126145453491309	12244000	99
20220423 120128	binary	custom	TRUE	TRUE	FALSE	-100	999983	-1	0	0	0	31	645	TRUE	0.0101565256380794	0.456444059636524	5293	497	0.015636076297587	13672000	100
20220423 120458	binary	custom	TRUE	TRUE	FALSE	-100	999983	-1	0	0	0	31	609	TRUE	0.0105826694012224	0.588281588595058	3817	874	0.0175029964444251	13808000	101
20220423 120817	binary	custom	TRUE	TRUE	FALSE	-100	999983	-1	0	0	0	31	423	TRUE	0.0100636463170374	0.512506795405553	3902	947	0.014957524462327	13824000	102
20220423 121215	binary	custom	TRUE	TRUE	FALSE	-100	999983	-1	0	0	0	31	743	TRUE	0.0104220770799272	0.446145201704849	5924	370	0.0170869583423711	13689000	103
20220423 121455	binary	custom	TRUE	TRUE	FALSE	-100	999983	-1	0	0	0	31	795	TRUE	0.0102204228246432	0.925799350483889	5495	16	0.0176105257254464	13176000	104
20220423 121718	binary	custom	TRUE	TRUE	FALSE	-100	999983	-1	0	0	0	31	374	TRUE	0.0166612774077136	0.416902403154437	3876	547	0.0111510008412515	13087000	105
20220423 121734	binary	custom	TRUE	TRUE	FALSE	-100	999983	-1	0	0	0	31	14	TRUE	0.299413998654231	0.920493010745138	7991	340	0.0280315327958974	11761000	106
20220423 121837	binary	custom	TRUE	TRUE	FALSE	-100	999983	-1	0	0	0	31	190	TRUE	0.0517389573239758	0.431051615744875	6046	183	0.0176099473286447	13717000	107
20220423 121910	binary	custom	TRUE	TRUE	FALSE	-100	999983	-1	0	0	0	31	111	TRUE	0.115377253547212	0.203221692535279	5940	463	0.0169983041931221	13333000	108
20220423 122002	binary	custom	TRUE	TRUE	FALSE	-100	999983	-1	0	0	0	31	142	TRUE	0.0694002384919023	0.465465242458161	6064	701	0.0167479076021574	13627000	109
20220423 122017	binary	custom	TRUE	TRUE	FALSE	-100	999983	-1	0	0	0	31	16	TRUE	0.23375699360882	0.981721537505398	7999	1024	0.016176708220052	12836000	110
20220423 122058	binary	custom	TRUE	TRUE	FALSE	-100	999983	-1	0	0	0	31	89	TRUE	0.0738829350511675	0.45242788344979	7350	284	0.020014359218026	13154000	111
20220423 122117	binary	custom	TRUE	TRUE	FALSE	-100	999983	-1	0	0	0	31	17	TRUE	0.277592649005223	0.437029289805552	8000	1024	0.0170688353764534	12770000	112
20220423 122134	binary	custom	TRUE	TRUE	FALSE	-100	999983	-1	0	0	0	31	39	TRUE	0.211632215330128	0.980781671163855	7994	28	0.0188805022868912	13222000	113
20220423 122149	binary	custom	TRUE	TRUE	FALSE	-100	999983	-1	0	0	0	31	18	TRUE	0.20784939041638	0.999715246025944	5587	16	0.0239635823370239	12487000	114
20220423 122227	binary	custom	TRUE	TRUE	FALSE	-100	999983	-1	0	0	0	31	95	TRUE	0.061991948210843	0.628176324227908	5598	984	0.01696591188886	13288000	115
20220423 122531	binary	custom	TRUE	TRUE	FALSE	-100	999983	-1	0	0	0	31	690	TRUE	0.0102159895737549	0.939954846972086	4379	717	0.0168891237983856	13116000	116
20220423 122633	binary	custom	TRUE	TRUE	FALSE	-100	999983	-1	0	0	0	31	107	TRUE	0.0393875238603702	0.464649920272396	3835	425	0.0163439529531157	13714000	117
20220423 122712	binary	custom	TRUE	TRUE	FALSE	-100	999983	-1	0	0	0	31	103	TRUE	0.0551067903829173	0.200289281641121	5670	111	0.0173878405791766	13479000	118
20220423 122956	binary	custom	TRUE	TRUE	FALSE	-100	999983	-1	0	0	0	31	409	TRUE	0.0101125441401906	0.839221274496641	2697	243	0.0166768779728016	13595000	119
20220423 123358	binary	custom	TRUE	TRUE	FALSE	-100	999983	-1	0	0	0	31	838	TRUE	0.0102671561612908	0.773758443299395	2751	1023	0.0159126786280521	13684000	120
