fecha	gamma	alpha	lambda	subsample	tree_method	grow_policy	max_bin	max_depth	scale_pos_weight	eta	colsample_bytree	min_child_weight	max_leaves	prob_corte	nrounds	ganancia	iteracion
20220425 212229	0	0	0	1	hist	lossguide	256	0	1	0.181493143526604	0.658416589079425	3	528	0.0313218044868942	12	7324000	1
20220425 213341	0	0	0	1	hist	lossguide	256	0	1	0.0536330773645313	0.880759228011593	1	503	0.0183372142482161	15	8898000	2
20220425 213707	0	0	0	1	hist	lossguide	256	0	1	0.0955654723220505	0.315785807594657	7	686	0.0410646940363222	32	7970000	3
20220425 213909	0	0	0	1	hist	lossguide	256	0	1	0.251466441699071	0.549717433126643	6	612	0.0240137509579654	10	10405000	4
20220425 214156	0	0	0	1	hist	lossguide	256	0	1	0.109282289269497	0.851002029078081	7	730	0.0203769323930222	12	11494000	5
20220425 214431	0	0	0	1	hist	lossguide	256	0	1	0.184281694843434	0.215055002756417	4	180	0.0374316967951017	9	7876000	6
20220425 214858	0	0	0	1	hist	lossguide	256	0	1	0.0760422146058408	0.61920391606167	4	218	0.0152108991785402	28	11739000	7
20220425 215208	0	0	0	1	hist	lossguide	256	0	1	0.153594922022661	0.572593577113003	2	884	0.0131783260789234	8	10287000	8
20220425 215336	0	0	0	1	hist	lossguide	256	0	1	0.138524636795628	0.507642140127718	0	618	0.0445993634013576	1	848000	9
20220425 215541	0	0	0	1	hist	lossguide	256	0	1	0.168970729623223	0.964065333772451	3	285	0.0435588603349364	8	5684000	10
20220425 215757	0	0	0	1	hist	lossguide	256	0	1	0.11261501469987	0.832521641217172	10	995	0.0470937712903833	32	7312000	11
20220425 215929	0	0	0	1	hist	lossguide	256	0	1	0.263793219798827	0.736893668891862	9	337	0.0211942359208479	8	9862000	12
20220425 220103	0	0	0	1	hist	lossguide	256	0	1	0.272389903812669	0.337716644518077	0	422	0.0252550573039722	2	783000	13
20220425 220241	0	0	0	1	hist	lossguide	256	0	1	0.230383307110984	0.414883466511965	8	855	0.0341317814508026	14	9497000	14
20220425 221116	0	0	0	1	hist	lossguide	256	0	1	0.022087464125012	0.362538633737713	5	952	0.028080106213262	140	10309000	15
20220425 221621	0	0	0	1	hist	lossguide	256	0	1	0.0348342830402544	0.706990015162155	1	38	0.0376830199272566	125	8583000	16
20220425 221949	0	0	0	1	hist	lossguide	256	0	1	0.0438403512573568	0.765198669098318	10	393	0.0104531132625804	42	13027000	17
20220425 222129	0	0	0	1	hist	lossguide	256	0	1	0.215914714336628	0.247573423944414	6	123	0.00923017138848081	8	11045000	18
20220425 222257	0	0	0	1	hist	lossguide	256	0	1	0.287603594939224	0.463941524457187	9	98	0.0497015589062357	10	5953000	19
20220425 222448	0	0	0	1	hist	lossguide	256	0	1	0.203424257906852	0.941306146811694	4	795	0.030495491780069	10	8535000	20
20220425 223453	0	0	0	1	hist	lossguide	256	0	1	0.0109622531907939	0.638671514871169	6	547	0.00833531816131795	32	12488000	21
20220425 223635	0	0	0	1	hist	lossguide	256	0	1	0.131305466925783	0.519891447268315	10	950	0.00833508561203586	4	11438000	22
20220425 224454	0	0	0	1	hist	lossguide	256	0	1	0.0101623997911851	0.801163613197198	9	2	0.00833751126941327	921	10237000	23
20220425 224650	0	0	0	1	hist	lossguide	256	0	1	0.160265302482268	0.55719354707471	5	989	0.00833551702429795	3	11220000	24
20220425 225131	0	0	0	1	hist	lossguide	256	0	1	0.0263333633781679	0.326457553356642	10	498	0.0107362726772498	71	13074000	25
20220425 230135	0	0	0	1	hist	lossguide	256	0	1	0.0100580991201044	0.668699520661216	10	580	0.0106823120370621	140	13103000	26
20220425 230456	0	0	0	1	hist	lossguide	256	0	1	0.0509009103921846	0.558720768073081	10	491	0.0126948993183914	60	13364000	27
20220425 230659	0	0	0	1	hist	lossguide	256	0	1	0.0831697559451245	0.559501533557568	10	517	0.00833570586273663	5	12438000	28
20220425 232000	0	0	0	1	hist	lossguide	256	0	1	0.0100026650171516	0.609820255445583	9	453	0.0161669857487634	319	13224000	29
20220425 233058	0	0	0	1	hist	lossguide	256	0	1	0.0102083571913533	0.540339547337824	10	424	0.0165997686403371	215	13395000	30
20220425 233509	0	0	0	1	hist	lossguide	256	0	1	0.0320162870541685	0.713134202969864	10	540	0.0157474990973795	62	13585000	31
20220425 234110	0	0	0	1	hist	lossguide	256	0	1	0.0336559164476004	0.200244339101821	10	756	0.0170173129734679	176	12965000	32
20220425 234653	0	0	0	1	hist	lossguide	256	0	1	0.0307904643483635	0.200823645903482	7	420	0.0146945735540331	96	13152000	33
20220425 235133	0	0	0	1	hist	lossguide	256	0	1	0.032158026877909	0.999798922946395	10	578	0.0154399524822651	82	13048000	34
20220425 235749	0	0	0	1	hist	lossguide	256	0	1	0.0242518894185104	0.716433331585187	10	480	0.0152586136059982	132	13168000	35
20220426 000216	0	0	0	1	hist	lossguide	256	0	1	0.0413273556881187	0.486966206971186	10	580	0.0176489199722358	92	13292000	36
20220426 000633	0	0	0	1	hist	lossguide	256	0	1	0.0367110966758831	0.686053317189518	10	870	0.0134450199489318	58	13657000	37
20220426 000846	0	0	0	1	hist	lossguide	256	0	1	0.199282255910785	0.787525609505579	8	672	0.0106200032196102	8	11408000	38
20220426 001555	0	0	0	1	hist	lossguide	256	0	1	0.0381270192437575	0.200090840594607	10	263	0.0156130584779271	146	13194000	39
20220426 002213	0	0	0	1	hist	lossguide	256	0	1	0.0385276479289842	0.66453864754705	8	717	0.0131366620140986	61	13013000	40
20220426 005515	0	0	0	1	hist	lossguide	256	0	1	0.0100624705692899	0.200673243155654	5	252	0.0161128997701933	491	13231000	41
20220426 011346	0	0	0	1	hist	lossguide	256	0	1	0.0103968627645261	0.356430110921495	8	323	0.0127535619512963	278	13366000	42
20220426 011708	0	0	0	1	hist	lossguide	256	0	1	0.0495018818345726	0.779544282739807	10	787	0.0152887025051302	37	13037000	43
20220426 011905	0	0	0	1	hist	lossguide	256	0	1	0.141284650455557	0.569731554928483	7	218	0.0143713931052512	8	12386000	44
20220426 013232	0	0	0	1	hist	lossguide	256	0	1	0.0100123229154703	0.531463897634974	9	874	0.0139503233377111	259	13416000	45
20220426 014431	0	0	0	1	hist	lossguide	256	0	1	0.0103218730074155	0.201401359284061	10	1024	0.012508307802016	325	12945000	46
20220426 015959	0	0	0	1	hist	lossguide	256	0	1	0.0100103896232466	0.200997586957701	6	106	0.0211985009739987	373	12319000	47
20220426 020601	0	0	0	1	hist	lossguide	256	0	1	0.031801745001661	0.202332679994687	10	881	0.0127903181314909	201	12941000	48
20220426 021722	0	0	0	1	hist	lossguide	256	0	1	0.0101065431207993	0.724635032707706	10	1024	0.0140048628616556	258	13340000	49
20220426 022100	0	0	0	1	hist	lossguide	256	0	1	0.0355815097327229	0.546034457531967	10	362	0.014294639343015	58	13281000	50
20220426 023406	0	0	0	1	hist	lossguide	256	0	1	0.0100785614927467	0.622803462146193	10	848	0.0234530579826078	299	12133000	51
20220426 025333	0	0	0	1	hist	lossguide	256	0	1	0.0100034801193733	0.200238564470534	7	532	0.0153182898311003	407	13250000	52
20220426 030942	0	0	0	1	hist	lossguide	256	0	1	0.0104216942512154	0.997643288215557	5	907	0.0124759816590917	90	12644000	53
20220426 032408	0	0	0	1	hist	lossguide	256	0	1	0.0101013217429584	0.638081996280616	7	28	0.0330831886996851	425	10222000	54
20220426 032852	0	0	0	1	hist	lossguide	256	0	1	0.0283181473832473	0.621815162584977	10	921	0.0159145187182873	101	13298000	55
20220426 033935	0	0	0	1	hist	lossguide	256	0	1	0.0101037887988805	0.733436399061565	10	875	0.0128664258351559	211	13446000	56
20220426 034141	0	0	0	1	hist	lossguide	256	0	1	0.114598082260912	0.200765865203427	6	374	0.0123559983915401	18	12360000	57
20220426 035317	0	0	0	1	hist	lossguide	256	0	1	0.0108754479608522	0.340665516553669	7	281	0.0165443591661377	214	13054000	58
20220426 040646	0	0	0	1	hist	lossguide	256	0	1	0.0100478774974224	0.527392104883388	4	1021	0.0088100069938983	87	12530000	59
20220426 040831	0	0	0	1	hist	lossguide	256	0	1	0.162612509752388	0.201292280336416	10	418	0.0177891697534557	16	12336000	60
20220426 041023	0	0	0	1	hist	lossguide	256	0	1	0.124906549582698	0.999506917293866	10	512	0.0135225508138362	21	12475000	61
20220426 042039	0	0	0	1	hist	lossguide	256	0	1	0.0133406557851226	0.203339196000106	6	213	0.0101271526593285	64	12827000	62
20220426 043538	0	0	0	1	hist	lossguide	256	0	1	0.0100686855271157	0.200553827375182	10	402	0.0137587816126644	333	13198000	63
20220426 044149	0	0	0	1	hist	lossguide	256	0	1	0.0333820069255193	0.306616466635406	5	496	0.0120441786730494	50	12739000	64
20220426 044610	0	0	0	1	hist	lossguide	256	0	1	0.0400946794473682	0.678362597714015	8	876	0.0126314675332141	44	13211000	65
20220426 045008	0	0	0	1	hist	lossguide	256	0	1	0.0350771460022671	0.75574967796136	10	1001	0.00844363759039658	20	11846000	66
20220426 050713	0	0	0	1	hist	lossguide	256	0	1	0.0101140461261441	0.639238584157335	6	1024	0.0148135244430558	241	13004000	67
20220426 050915	0	0	0	1	hist	lossguide	256	0	1	0.190851941332061	0.204824057118592	7	1024	0.0177381678109525	12	11554000	68
20220426 052840	0	0	0	1	hist	lossguide	256	0	1	0.0101762764075517	0.999104541511644	5	544	0.0136990960921699	202	12825000	69
20220426 053114	0	0	0	1	hist	lossguide	256	0	1	0.0998881404545497	0.204366732032927	10	242	0.0168158944429799	33	12519000	70
20220426 053627	0	0	0	1	hist	lossguide	256	0	1	0.0343483035561288	0.415963785240771	10	555	0.0159997895713509	87	13180000	71
20220426 055444	0	0	0	1	hist	lossguide	256	0	1	0.0103721655112206	0.200882418703136	5	845	0.0133092601932613	303	13017000	72
20220426 060753	0	0	0	1	hist	lossguide	256	0	1	0.011432342163155	0.704011895152764	10	568	0.0172889176045055	299	13150000	73
20220426 062603	0	0	0	1	hist	lossguide	256	0	1	0.0109748735642121	0.200394127518627	10	549	0.0218070013512236	571	12738000	74
20220426 063119	0	0	0	1	hist	lossguide	256	0	1	0.0314753214444933	0.582496217883614	10	852	0.0131901897386247	85	13602000	75
20220426 064432	0	0	0	1	hist	lossguide	256	0	1	0.0121380408528178	0.531989244265926	7	326	0.0113810900881784	205	13111000	76
20220426 064900	0	0	0	1	hist	lossguide	256	0	1	0.0404561428829991	0.621031923521159	9	536	0.0128406592550286	61	13343000	77
20220426 065110	0	0	0	1	hist	lossguide	256	0	1	0.139705295829525	0.200235106212524	10	964	0.0242666462510751	19	11431000	78
20220426 070819	0	0	0	1	hist	lossguide	256	0	1	0.011527839204875	0.212977434541504	10	292	0.0106451552229436	501	12499000	79
20220426 072230	0	0	0	1	hist	lossguide	256	0	1	0.0102822933968236	0.998970370904168	10	585	0.0370039322183657	211	9217000	80
20220426 072750	0	0	0	1	hist	lossguide	256	0	1	0.0410169350896832	0.698068907222267	10	424	0.0182061264150419	92	12802000	81
20220426 073024	0	0	0	1	hist	lossguide	256	0	1	0.13282739100242	0.596748728813615	10	561	0.0161730629717788	29	12566000	82
20220426 080344	0	0	0	1	hist	lossguide	256	0	1	0.0103806592577699	0.203670648298679	6	811	0.0194841638277006	507	12944000	83
20220426 082629	0	0	0	1	hist	lossguide	256	0	1	0.010627739764972	0.200913590957516	8	355	0.0165382027934206	452	13315000	84
20220426 083033	0	0	0	1	hist	lossguide	256	0	1	0.0515714235146449	0.714685454669689	10	608	0.0122871575411041	35	13125000	85
20220426 084749	0	0	0	1	hist	lossguide	256	0	1	0.0103195509762902	0.277889225549184	7	18	0.0135641567344761	682	13218000	86
20220426 091130	0	0	0	1	hist	lossguide	256	0	1	0.0102716548939348	0.228509036859155	6	146	0.0140017521819711	540	13152000	87
20220426 092141	0	0	0	1	hist	lossguide	256	0	1	0.0221978855454059	0.200455263171412	6	527	0.0180430405356634	162	12642000	88
20220426 093512	0	0	0	1	hist	lossguide	256	0	1	0.0148315005933888	0.204955836892261	5	2	0.0156001197174862	1499	13079000	89
20220426 094940	0	0	0	1	hist	lossguide	256	0	1	0.0100935526981187	0.376552510072274	7	1019	0.010301958048476	59	12684000	90
20220426 095138	0	0	0	1	hist	lossguide	256	0	1	0.290335526568566	0.860902823475625	10	1024	0.0138058340613606	7	11709000	91
20220426 095354	0	0	0	1	hist	lossguide	256	0	1	0.24576755977015	0.924361740874432	10	1023	0.0141427995387532	6	11675000	92
20220426 101228	0	0	0	1	hist	lossguide	256	0	1	0.0111136618450961	0.21236701979552	8	47	0.0158564788376698	322	13147000	93
20220426 102743	0	0	0	1	hist	lossguide	256	0	1	0.016639800005126	0.25230565964698	7	910	0.0224334733591986	227	12514000	94
20220426 105224	0	0	0	1	hist	lossguide	256	0	1	0.0102105527975904	0.20168998915666	10	95	0.0194559180236732	492	12846000	95
20220426 112117	0	0	0	1	hist	lossguide	256	0	1	0.0100073617050552	0.200019663647046	10	862	0.0198045106871659	620	12830000	96
20220426 112746	0	0	0	1	hist	lossguide	256	0	1	0.0753160221331556	0.200330947385284	7	3	0.0116602917023601	332	13136000	97
20220426 191358	0	0	0	1	hist	lossguide	256	0	1	0.0373046869437753	0.200812505186799	8	676	0.0206874150911457	103	12534000	98
